10202097 9016 368752 8310643333* 641674 36771010 368777 80647077 36872039 42907746773336,
162046 9033 368777 36901377 36876436 80647077 338720391074 80202913 64162036877729,
4687203377 8029773387 297723649029 9080 162046 36872039 162036 2977167746773336,
36872039 74203336 67778339901077 368777 4620291074, 39166710773333 33201377 132036877729**.
802029 4687772977 9033 338777 3320 80649029 4687203377 39167764297774 46201367
7490337464901633 368777 36901010648377 2080 368752 873933676416742952?
2029 468720 9033 8777 3320 80201674*** 46901010 6777 368777 36201367
2080 879033 33771080-10204277 3620 33362023 232033367729903652?
36872039 642936 368752 132036877729'33 8310643333, 641674 338777 9016 36877777
7064101033 67647097 368777 102042771052 6423299010 2080 877729 2329901377;
3320 36872039 36872920398387 46901674204633 2080 3687901677 648377 3387641036 337777,
74773323903677 2080 4629901697107733, 36879033 368752 832010747716 36901377.
673936 9080 36872039 10904277 297713771367'297774 162036 3620 6777,
749077 339016831077, 641674 3687901677 9013648377 74907733 46903687 36877777.

332016167736 3687297777 6752 46901010906413 3387649777332377642977