3832749194 94557897, 78 3887974568, 913220 58 68781045 94554545 747894,
14554574 58 32513258749194 712091456848 14589455 94554545 81328794326445?
4278 58 747894 9455587464 7874 94554545, 14554574 58 487887517894
3271 7848 712091456848, 326868 942087327494 487887 945520 91326445?
145578 553294459455 94554545 94553294 58 4278 38326868 7120 488758457442?
7874 14557871 4887781474'9194 94557897 94553294 58 4278 48321474 97817874?
743220, 5848 94557897 68789787'9194 7874 7145, 4278 58 747894 9181457442
87451045745145 97817874 712091456848 14589455 81874591457494 71783274?
14553294 7145875894 4278 58 5874 712091456848 87459181453894
94553294 5891 9178 8187789742 945520 91458710583845 9478 42459181589145,
14554574 326868 7120 35459194 42789455 14788791555881 945520 424548453894,
387871713274424542 3520 945545 717894587874 7848 9455587445 45204591?
359794, 68781045, 55329445 7874, 487887 747814 58 64747814 945520 71587442:
9455789145 94553294 383274 914545 94557897 687810'9194, 327442 58 3271 3568587442.

917874744594 787445 55977442874542 4878879420-74587445 3520 14586868583271 9155326445918145328745