6070 7337145050 40 50408327 93608070 27634076146337 7660 53144727,
6070 936080 73807083408327 86372757 40 4057 2714707637 1453 706076762757,
31706053 3727572127 93608070 532753607093 2427147637 211457576076 76144727,
1450763760803437 4057 5327 27142137 63147076 86405050 1727 316070346076762757.
93608070 57145327 31706053 3727572127 4053536070761450 50403127 7337145050 37148327,
763760803437 40 (60572127 34605727) 7660 145050 763727 8660705024 53807376 244027;
763727 2714707637 211457 9340275024 5327 178076 14 216053536057 3470148327,
86372757 936080 40577660531724 4057 53275773 27932773 7337145050 504027:
93608070 5360578053275776 7337145050 1727 5393 342757765027 8327707327,
8637402137 27932773 576076 932776 21702714762724 7337145050 60'2770-70271424,
145724 76605734802773 7660 1727 93608070 1727405734 7337145050 7027372714707327,
86372757 145050 763727 177027147637277073 6031 76374073 8660705024 147027 24271424;
936080 7376405050 7337145050 50408327 (73802137 834070768027 37147637 5393 632757)
8637277027 177027147637 53607376 1770271476372773, 27832757 4057 763727 536080763773 6031 532757.

736057572776 274034377693-605727 1793 86405050401453 7337144727736327147027