25343421 1531 511267 9825794747* 793188 51922525 511292 95798592 51123454 57159261924751,
313461 1547 511292 51152892 51127951 95798592 471234542588 95344428 79313451129244,
6112344792 9544924712 449238791544 1595 313461 51123454 313451 4492319261924751,
51123454 88344751 82929854152592 511292 6134442588, 54318225924747 47342892 283451129244**.
953444 6112924492 1547 471292 4734 95791544 6112344792 54319279449288 61342882
8815478879153147 511292 51152525799892 3495 511267 125447827931884467?
3444 611234 1547 1292 4734 95343188*** 61152525 8292 511292 51342882
3495 121547 47922595-25345792 5134 47513438 383447519244155167?
51123454 794451 511267 283451129244'47 9825794747, 793188 471292 1531 51129292
8579252547 82798521 511292 253457922567 7938441525 3495 129244 3844152892;
4734 51123454 51124434549812 61153188346147 3495 5112153192 799892 4712792551 479292,
88924738155192 3495 6144153121259247, 51121547 511267 983425889231 51152892.
825451 1595 51123454 25155792 449228922882'449288 313451 5134 8292,
881592 471531982592, 793188 5112153192 1528799892 88159247 61155112 51129292.

473431319251 5112449292 8267 61152525157928 4712792192473892794492